26a3926a-4a09-441d-b7d6-f8e0840e222b
272e54f5-bf7b-447a-902b-05b82cf0d70c
4d45b243-1c5f-42f0-80b7-9b5d6ae10361
50e031a9-dfa9-424c-ad1c-629167117bae
a088c7ae-373e-480b-99e1-866c6aaa4611
c0b0fc0f-e57c-4741-b4f7-bf354bfdb8e7
c7baf371-c4a3-4851-84be-7ea6fa44908d
d9b9bc7c-581f-487f-a14d-0dfe05290923
e0b9104e-cd07-4d42-96ac-6cb163382faf
